105.00
1005.54
15998.23
1500.50
10.93
1000000.47
3782.30
0.22
501.00
337.43
903.55
100.00
200.00
900.00
750.00
350.00
420.00
80.00
537.12
1234.23
5432.00
4444.1
30.01
12.03
99.99
33.33
27.12
1111.11
1429.12
5.30
1.00
0.50
10.30
10000.00
250000.00
500000.00
150000.00
0.75
0.33
40.00
37.33
579.01
429.42
1234512.12
142.12
74576.74
76234.52
253.64
23.57
25.64
263.45
798.58
137.41
284.88
547.31
39.56
93.65
39.75
46.97
386.57
7.52
2743.57
2.75
7.54
7.46
4865.37
3.47
48.76
6.98
6.9
65192.76
569.87
87.51
177.15
153.77
710.43
78.43
74.38
38.92
31.80
3498.02
348.0
438.90
294.08
76.2
165.25
31.90
67.31
90.52
904.12
785.12
1.42
1.5
153.12
12.34
125.43
62.35
63.4
746.45
34.26
634.56
745.26
623.57
2.34
6.43
54.36
743.56
756.36
54.22
4.32
98.5
7.98
7.86
87.68
9.67
567.85
5675.67
6745.78
96798.67